3 0.7776666666666666 0.11374999999999999 0.7693333333333333 0.08975 0.7616666666666667 0.0775 0.7586666666666667 0.075 0.7343333333333334 0.072 0.7186666666666667 0.0715 0.16566666666666666 0.087 0.14066666666666666 0.08925 0.13 0.0915 0.12566666666666668 0.09375 0.12166666666666666 0.09975 0.123 0.12450000000000001 0.13333333333333333 0.21575000000000003 0.15033333333333332 0.34249999999999997 0.154 0.34875 0.16033333333333333 0.352 0.165 0.35275 0.794 0.31124999999999997 0.8073333333333333 0.30874999999999997 0.8119999999999999 0.3065 0.8143333333333334 0.30375 0.8130000000000001 0.2905 0.7776666666666666 0.11374999999999999
3 0.31133333333333335 0.66475 0.66 0.66025 0.7233333333333333 0.65475 0.7933333333333333 0.65225 0.8333333333333334 0.65225 0.8416666666666667 0.65075 0.8486666666666667 0.64675 0.849 0.64225 0.844 0.611 0.8413333333333333 0.5245 0.838 0.48949999999999994 0.837 0.45725 0.8376666666666667 0.4305 0.8366666666666667 0.42275 0.8373333333333334 0.40549999999999997 0.8363333333333334 0.40325 0.8320000000000001 0.40075000000000005 0.8226666666666667 0.399 0.7926666666666667 0.39975 0.7343333333333334 0.39925 0.5856666666666667 0.40275 0.47533333333333333 0.4035 0.32733333333333337 0.40099999999999997 0.1996666666666667 0.40025000000000005 0.17633333333333334 0.40149999999999997 0.168 0.403 0.16366666666666668 0.40549999999999997 0.16133333333333333 0.413 0.16166666666666665 0.429 0.16566666666666666 0.45475000000000004 0.16633333333333333 0.4805 0.16966666666666666 0.5195000000000001 0.17033333333333334 0.55225 0.175 0.63125 0.17433333333333334 0.65675 0.17666666666666667 0.66425 0.18033333333333335 0.66725 0.188 0.66825 0.221 0.6679999999999999 0.31133333333333335 0.66475
3 0.46699999999999997 0.97325 0.5033333333333333 0.9717499999999999 0.5546666666666666 0.9672499999999999 0.5846666666666667 0.9664999999999999 0.6096666666666667 0.96425 0.6336666666666667 0.9635 0.6829999999999999 0.9582499999999999 0.8233333333333334 0.9487500000000001 0.85 0.94575 0.904 0.9432499999999999 0.9133333333333333 0.942 0.9226666666666666 0.93725 0.9223333333333333 0.9235 0.9146666666666667 0.8875 0.9116666666666667 0.8585 0.9076666666666667 0.8352499999999999 0.9053333333333333 0.8067500000000001 0.892 0.72 0.8903333333333333 0.69675 0.8883333333333333 0.6940000000000001 0.8833333333333333 0.6915 0.869 0.68975 0.8023333333333333 0.69275 0.7093333333333334 0.702 0.619 0.7072499999999999 0.5786666666666667 0.712 0.495 0.71675 0.38866666666666666 0.7175 0.32433333333333336 0.71975 0.305 0.721 0.2806666666666667 0.724 0.22666666666666666 0.72725 0.214 0.73 0.20933333333333334 0.734 0.21233333333333335 0.75875 0.218 0.7847500000000001 0.22166666666666668 0.8145 0.245 0.9445 0.24866666666666667 0.9744999999999999 0.251 0.98225 0.254 0.9869999999999999 0.27066666666666667 0.9875 0.30233333333333334 0.9824999999999999 0.336 0.9802500000000001 0.441 0.9755 0.46699999999999997 0.97325
0 0.73207765625 0.1388006171875 0.47033909375 0.15031220625 0.4764637666666667 0.1785304640625 0.7352728145833333 0.1692829984375 0.73207765625 0.1388006171875
2 0.47661636875 0.18027192812499998 0.47965896041666667 0.2086703390625 0.7380115625 0.1946279015625 0.7366421895833334 0.1665430125 0.47661636875 0.18027192812499998
1 0.4740297708333333 0.1512043578125 0.18101377708333333 0.1652920671875 0.18235613333333334 0.1947017109375 0.4781378916666667 0.1820292328125 0.4740297708333333 0.1512043578125
1 0.5138175333333334 0.50306198125 0.5143478458333334 0.53483159375 0.7825418625 0.5302371046875 0.7831541208333334 0.4999134578125 0.5138175333333334 0.50306198125
0 0.7825418625 0.471427634375 0.51075545 0.4760773734375 0.5131232333333333 0.5045079484375 0.7825418625 0.501751296875 0.7825418625 0.471427634375
1 0.5149601979166667 0.47372487812499997 0.21679547083333334 0.47779979531250005 0.21798744374999998 0.510021340625 0.5137355395833334 0.50542685 0.5149601979166667 0.47372487812499997
2 0.5727626333333333 0.806208209375 0.5761916458333334 0.8361277312500001 0.8578565270833334 0.8191281140625 0.8474471916666667 0.783750553125 0.5727626333333333 0.806208209375
0 0.84499796875 0.75756195625 0.5689350291666667 0.7763528984375 0.5700684958333333 0.8048852015625 0.84989650625 0.7888044859375001 0.84499796875 0.75756195625
1 0.2719129666666667 0.7918546953125001 0.27615736458333334 0.8241820625 0.5731300708333333 0.80534464375 0.5682316270833333 0.777777703125 0.2719129666666667 0.7918546953125001